timing
  isaac_sim_dt=0.005 mujoco_model_timestep=0.005
  isaac_decimation=4 mujoco_decimation=4
  isaac_policy_dt=0.02 mujoco_policy_dt=0.02
  mujoco_xml=/root/autodl-tmp/Humanoid-Goalkeeper/scripts/q1_22dof_goalkeeper_ball_F1_body_fric10.xml

reset_newest_obs
  isaac_ball=[0, 0, 0] mujoco_ball=[0, 0, 0]
  isaac_projected_gravity=[-0.00051848, -0.00146036, -0.999999] mujoco_projected_gravity=[0, 0, -1]
  isaac_base_ang_vel=[-0.0047648, -0.0237847, -0.000944987] mujoco_base_ang_vel=[0, 0, 0]

ball_visibility
  first_nonzero_ball_step_isaac=5
  first_nonzero_ball_step_mujoco=5

reset_history_frames_oldest_to_newest
  env frame ball3 base_ang_vel3 gravity3 dof_pos_norm dof_vel_norm last_action_norm
  isaac 00 [0, 0, 0] [0, 0, 0] [0, 0, 0] 0 0 0
  isaac 01 [0, 0, 0] [0, 0, 0] [0, 0, 0] 0 0 0
  isaac 02 [0, 0, 0] [0, 0, 0] [0, 0, 0] 0 0 0
  isaac 03 [0, 0, 0] [0, 0, 0] [0, 0, 0] 0 0 0
  isaac 04 [0, 0, 0] [0, 0, 0] [0, 0, 0] 0 0 0
  isaac 05 [0, 0, 0] [0, 0, 0] [0, 0, 0] 0 0 0
  isaac 06 [0, 0, 0] [0, 0, 0] [0, 0, 0] 0 0 0
  isaac 07 [0, 0, 0] [0, 0, 0] [0, 0, 0] 0 0 0
  isaac 08 [0, 0, 0] [0, 0, 0] [0, 0, 0] 0 0 0
  isaac 09 [0, 0, 0] [-0.0047648, -0.0237847, -0.000944987] [-0.00051848, -0.00146036, -0.999999] 0 0 0
  mujoco 00 [0, 0, 0] [0, 0, 0] [0, 0, 0] 0 0 0
  mujoco 01 [0, 0, 0] [0, 0, 0] [0, 0, 0] 0 0 0
  mujoco 02 [0, 0, 0] [0, 0, 0] [0, 0, 0] 0 0 0
  mujoco 03 [0, 0, 0] [0, 0, 0] [0, 0, 0] 0 0 0
  mujoco 04 [0, 0, 0] [0, 0, 0] [0, 0, 0] 0 0 0
  mujoco 05 [0, 0, 0] [0, 0, 0] [0, 0, 0] 0 0 0
  mujoco 06 [0, 0, 0] [0, 0, 0] [0, 0, 0] 0 0 0
  mujoco 07 [0, 0, 0] [0, 0, 0] [0, 0, 0] 0 0 0
  mujoco 08 [0, 0, 0] [0, 0, 0] [0, 0, 0] 0 0 0
  mujoco 09 [0, 0, 0] [0, 0, 0] [0, 0, -1] 0 0 0

step_diffs
step obs_max_diff ball_feature_diff base_ang_vel_diff projected_gravity_diff dof_pos_diff dof_vel_diff action_diff target_diff root_pose_diff ball_pos_diff ball_vel_diff
0000 0.0237847 0 0.0237847 0.00146036 0 0 0.00861573 0.00279742 0 0 0
0001 6.17319 0 0.444493 0.0192694 0.536597 6.17319 1.05043 0.262607 0.00774691 0.0307 0.0490503
0002 13.7201 0 2.61784 0.044743 1.65635 13.7201 1.90785 0.456128 0.0129547 0.030654 0.0689499
0003 13.7201 0 2.64435 0.0871129 1.18387 7.39175 4.89389 1.22347 0.0309152 0.0302477 0.0791774
0004 33.273 0 6.20817 0.313761 3.60063 33.273 12.3998 3.09994 0.105623 0.0297496 0.075845
0005 33.273 1.58694 3.71919 0.459266 3.43662 4.82833 4.44803 0.958831 0.130956 0.0287652 0.0756524
0006 33.273 1.78105 8.53202 0.571632 2.24215 5.89943 4.20166 1.38966 0.120716 0.0275216 0.0872302
0007 33.273 3.14812 7.03318 0.702078 1.68981 10.9528 4.61234 1.15308 0.17841 0.0259945 0.113222
0008 33.273 3.03169 6.1283 0.748599 1.88054 16.0068 3.80192 0.950479 0.256996 0.0243084 0.125882
0009 33.273 2.91556 2.80462 0.888457 3.65405 10.1756 3.75562 1.52469 0.321859 0.0226107 0.149104
0010 68.5736 2.79974 25.2756 0.956746 9.72638 68.5736 6.69193 2.11284 0.370081 0.02069 0.1486
0011 100.227 2.68279 100.21 0.899368 100.227 100.103 105.651 50.1674 5.89435 0.0185506 0.16941
0012 105.651 2.56581 1.07115 0.146754 3.03416 8.19119 37.8776 11.2402 0.412068 0.67142 6.03034
0013 105.651 0.966676 7.10886 0.479899 2.08835 15.9398 31.441 8.53875 0.412609 0.693229 6.03017
0014 105.651 1.11022 1.89984 0.674846 2.48296 9.3217 23.1422 6.22215 0.376982 0.715164 6.00241
0015 105.651 1.36754 3.56435 0.638402 3.20618 7.16556 19.3377 5.90013 0.364855 0.737239 5.97404
0016 105.651 1.95538 3.02983 0.591744 3.15694 20.8133 14.5077 5.29784 0.384424 0.7589 5.97261
0017 105.651 1.97734 4.22904 0.556428 3.014 16.4257 7.68841 3.84421 0.409971 0.78027 5.97031
0018 105.651 1.85774 4.8363 0.601435 2.88105 10.5267 6.3692 3.1846 0.439337 0.801564 5.93619
0019 105.651 1.7363 4.76608 0.704413 2.79482 12.8182 5.04088 2.52044 0.495665 0.822651 5.92313

ball_velocity_samples
  0000 isaac=[-6.14, 0, 3.43] mujoco=[-6.14, 0, 3.43]
  0001 isaac=[-6.14, 0, 3.2338] mujoco=[-6.14, 0, 3.28285]
  0002 isaac=[-6.13772, -0.018263, 3.0177] mujoco=[-6.14, 0, 3.08665]
  0003 isaac=[-6.1197, -0.0428889, 2.81127] mujoco=[-6.14, 0, 2.89045]
  0004 isaac=[-6.11511, -0.0606097, 2.61841] mujoco=[-6.14, 0, 2.69425]
  0005 isaac=[-6.09077, -0.0717245, 2.4224] mujoco=[-6.14, 0, 2.49805]
  0006 isaac=[-6.07783, -0.0694093, 2.21462] mujoco=[-6.14, 0, 2.30185]
  0007 isaac=[-6.06364, -0.0692797, 1.99243] mujoco=[-6.14, 0, 2.10565]
  0008 isaac=[-6.05567, -0.0678071, 1.78357] mujoco=[-6.14, 0, 1.90945]
  0009 isaac=[-6.05513, -0.0899366, 1.56415] mujoco=[-6.14, 0, 1.71325]
